一级分类,二级分类,品名,最低价,平均价,最高价,单位,发布日期
肉禽蛋,牛肉类,牛鞭,65.0,67.5,70.0,斤,2024-01-01
肉禽蛋,牛肉类,牛鞭,65.0,67.5,70.0,斤,2023-12-31
肉禽蛋,牛肉类,牛鞭,65.0,67.5,70.0,斤,2023-12-30
肉禽蛋,牛肉类,牛鞭,65.0,67.5,70.0,斤,2023-12-29
肉禽蛋,牛肉类,牛鞭,65.0,67.5,70.0,斤,2023-12-28
肉禽蛋,牛肉类,牛鞭,65.0,67.5,70.0,斤,2023-12-27
肉禽蛋,牛肉类,牛鞭,65.0,67.5,70.0,斤,2023-12-26
肉禽蛋,牛肉类,牛鞭,65.0,67.5,70.0,斤,2023-12-25
肉禽蛋,牛肉类,牛鞭,65.0,67.5,70.0,斤,2023-12-24
肉禽蛋,牛肉类,牛鞭,65.0,67.5,70.0,斤,2023-12-23
肉禽蛋,牛肉类,牛鞭,65.0,67.5,70.0,斤,2023-12-22
肉禽蛋,牛肉类,牛鞭,65.0,67.5,70.0,斤,2023-12-21
肉禽蛋,牛肉类,牛鞭,65.0,67.5,70.0,斤,2023-12-20
肉禽蛋,牛肉类,牛鞭,65.0,67.5,70.0,斤,2023-12-19
肉禽蛋,牛肉类,牛鞭,65.0,67.5,70.0,斤,2023-12-18
肉禽蛋,牛肉类,牛鞭,65.0,67.5,70.0,斤,2023-12-17
肉禽蛋,牛肉类,牛鞭,65.0,67.5,70.0,斤,2023-12-16
肉禽蛋,牛肉类,牛鞭,65.0,67.5,70.0,斤,2023-12-15
肉禽蛋,牛肉类,牛鞭,65.0,67.5,70.0,斤,2023-12-14
肉禽蛋,牛肉类,牛鞭,65.0,67.5,70.0,斤,2023-12-13
肉禽蛋,牛肉类,牛鞭,65.0,67.5,70.0,斤,2023-12-12
肉禽蛋,牛肉类,牛鞭,65.0,67.5,70.0,斤,2023-12-11
肉禽蛋,牛肉类,牛鞭,65.0,67.5,70.0,斤,2023-12-10
肉禽蛋,牛肉类,牛鞭,65.0,67.5,70.0,斤,2023-12-09
肉禽蛋,牛肉类,牛鞭,65.0,67.5,70.0,斤,2023-12-08
肉禽蛋,牛肉类,牛鞭,65.0,67.5,70.0,斤,2023-12-07
肉禽蛋,牛肉类,牛鞭,65.0,67.5,70.0,斤,2023-12-06
肉禽蛋,牛肉类,牛鞭,65.0,67.5,70.0,斤,2023-12-05
肉禽蛋,牛肉类,牛鞭,65.0,67.5,70.0,斤,2023-12-04
肉禽蛋,牛肉类,牛鞭,65.0,67.5,70.0,斤,2023-12-03
肉禽蛋,牛肉类,牛鞭,65.0,67.5,70.0,斤,2023-12-02
肉禽蛋,牛肉类,牛鞭,65.0,67.5,70.0,斤,2023-12-01
肉禽蛋,牛肉类,牛鞭,65.0,67.5,70.0,斤,2023-11-30
肉禽蛋,牛肉类,牛鞭,65.0,67.5,70.0,斤,2023-11-29
肉禽蛋,牛肉类,牛鞭,65.0,67.5,70.0,斤,2023-11-28
肉禽蛋,牛肉类,牛鞭,65.0,67.5,70.0,斤,2023-11-27
肉禽蛋,牛肉类,牛鞭,65.0,67.5,70.0,斤,2023-11-26
肉禽蛋,牛肉类,牛鞭,65.0,67.5,70.0,斤,2023-11-25
肉禽蛋,牛肉类,牛鞭,65.0,67.5,70.0,斤,2023-11-24
肉禽蛋,牛肉类,牛鞭,65.0,67.5,70.0,斤,2023-11-23
肉禽蛋,牛肉类,牛鞭,65.0,67.5,70.0,斤,2023-11-22
肉禽蛋,牛肉类,牛鞭,65.0,67.5,70.0,斤,2023-11-21
肉禽蛋,牛肉类,牛鞭,65.0,67.5,70.0,斤,2023-11-20
肉禽蛋,牛肉类,牛鞭,65.0,67.5,70.0,斤,2023-11-19
肉禽蛋,牛肉类,牛鞭,65.0,67.5,70.0,斤,2023-11-18
肉禽蛋,牛肉类,牛鞭,65.0,67.5,70.0,斤,2023-11-17
肉禽蛋,牛肉类,牛鞭,65.0,67.5,70.0,斤,2023-11-16
肉禽蛋,牛肉类,牛鞭,65.0,67.5,70.0,斤,2023-11-15
肉禽蛋,牛肉类,牛鞭,65.0,67.5,70.0,斤,2023-11-14
肉禽蛋,牛肉类,牛鞭,65.0,67.5,70.0,斤,2023-11-13
肉禽蛋,牛肉类,牛鞭,65.0,67.5,70.0,斤,2023-11-12
肉禽蛋,牛肉类,牛鞭,65.0,67.5,70.0,斤,2023-11-11
肉禽蛋,牛肉类,牛鞭,65.0,67.5,70.0,斤,2023-11-10
肉禽蛋,牛肉类,牛鞭,65.0,67.5,70.0,斤,2023-11-09
肉禽蛋,牛肉类,牛鞭,65.0,67.5,70.0,斤,2023-11-08
肉禽蛋,牛肉类,牛鞭,65.0,67.5,70.0,斤,2023-11-07
肉禽蛋,牛肉类,牛鞭,65.0,67.5,70.0,斤,2023-11-06
肉禽蛋,牛肉类,牛鞭,65.0,67.5,70.0,斤,2023-11-05
肉禽蛋,牛肉类,牛鞭,65.0,67.5,70.0,斤,2023-11-04
肉禽蛋,牛肉类,牛鞭,65.0,67.5,70.0,斤,2023-11-03
肉禽蛋,牛肉类,牛鞭,65.0,67.5,70.0,斤,2023-11-02
肉禽蛋,牛肉类,牛鞭,65.0,67.5,70.0,斤,2023-11-01
肉禽蛋,牛肉类,牛鞭,65.0,67.5,70.0,斤,2023-10-31
肉禽蛋,牛肉类,牛鞭,65.0,67.5,70.0,斤,2023-10-30
肉禽蛋,牛肉类,牛鞭,65.0,67.5,70.0,斤,2023-10-29
肉禽蛋,牛肉类,牛鞭,65.0,67.5,70.0,斤,2023-10-28
肉禽蛋,牛肉类,牛鞭,65.0,67.5,70.0,斤,2023-10-27
肉禽蛋,牛肉类,牛鞭,65.0,67.5,70.0,斤,2023-10-26
肉禽蛋,牛肉类,牛鞭,65.0,67.5,70.0,斤,2023-10-25
肉禽蛋,牛肉类,牛鞭,65.0,67.5,70.0,斤,2023-10-24
肉禽蛋,牛肉类,牛鞭,65.0,67.5,70.0,斤,2023-10-23
肉禽蛋,牛肉类,牛鞭,65.0,67.5,70.0,斤,2023-10-22
肉禽蛋,牛肉类,牛鞭,65.0,67.5,70.0,斤,2023-10-21
肉禽蛋,牛肉类,牛鞭,65.0,67.5,70.0,斤,2023-10-20
肉禽蛋,牛肉类,牛鞭,65.0,67.5,70.0,斤,2023-10-19
肉禽蛋,牛肉类,牛鞭,65.0,67.5,70.0,斤,2023-10-18
肉禽蛋,牛肉类,牛鞭,65.0,67.5,70.0,斤,2023-10-17
肉禽蛋,牛肉类,牛鞭,65.0,67.5,70.0,斤,2023-10-16
肉禽蛋,牛肉类,牛鞭,65.0,67.5,70.0,斤,2023-10-15
肉禽蛋,牛肉类,牛鞭,65.0,67.5,70.0,斤,2023-10-14
肉禽蛋,牛肉类,牛鞭,65.0,67.5,70.0,斤,2023-10-13
肉禽蛋,牛肉类,牛鞭,65.0,67.5,70.0,斤,2023-10-12
肉禽蛋,牛肉类,牛鞭,65.0,67.5,70.0,斤,2023-10-11
肉禽蛋,牛肉类,牛鞭,65.0,67.5,70.0,斤,2023-10-10
肉禽蛋,牛肉类,牛鞭,65.0,67.5,70.0,斤,2023-10-09
肉禽蛋,牛肉类,牛鞭,65.0,67.5,70.0,斤,2023-10-08
肉禽蛋,牛肉类,牛鞭,65.0,67.5,70.0,斤,2023-10-07
肉禽蛋,牛肉类,牛鞭,65.0,67.5,70.0,斤,2023-10-06
肉禽蛋,牛肉类,牛鞭,65.0,67.5,70.0,斤,2023-10-05
肉禽蛋,牛肉类,牛鞭,65.0,67.5,70.0,斤,2023-10-04
肉禽蛋,牛肉类,牛鞭,65.0,67.5,70.0,斤,2023-10-03
肉禽蛋,牛肉类,牛鞭,65.0,67.5,70.0,斤,2023-10-02
肉禽蛋,牛肉类,牛鞭,65.0,67.5,70.0,斤,2023-10-01
肉禽蛋,牛肉类,牛鞭,65.0,67.5,70.0,斤,2023-09-30
肉禽蛋,牛肉类,牛鞭,65.0,67.5,70.0,斤,2023-09-29
肉禽蛋,牛肉类,牛鞭,65.0,67.5,70.0,斤,2023-09-28
肉禽蛋,牛肉类,牛鞭,65.0,67.5,70.0,斤,2023-09-27
肉禽蛋,牛肉类,牛鞭,65.0,67.5,70.0,斤,2023-09-26
肉禽蛋,牛肉类,牛鞭,65.0,67.5,70.0,斤,2023-09-25
肉禽蛋,牛肉类,牛鞭,65.0,67.5,70.0,斤,2023-09-24
肉禽蛋,牛肉类,牛鞭,65.0,67.5,70.0,斤,2023-09-23
肉禽蛋,牛肉类,牛鞭,65.0,67.5,70.0,斤,2023-09-22
肉禽蛋,牛肉类,牛鞭,65.0,67.5,70.0,斤,2023-09-21
肉禽蛋,牛肉类,牛鞭,65.0,67.5,70.0,斤,2023-09-20
肉禽蛋,牛肉类,牛鞭,65.0,67.5,70.0,斤,2023-09-19
肉禽蛋,牛肉类,牛鞭,65.0,67.5,70.0,斤,2023-09-18
肉禽蛋,牛肉类,牛鞭,65.0,66.5,68.0,斤,2023-09-17
肉禽蛋,牛肉类,牛鞭,65.0,66.5,68.0,斤,2023-09-16
肉禽蛋,牛肉类,牛鞭,65.0,66.5,68.0,斤,2023-09-15
肉禽蛋,牛肉类,牛鞭,65.0,66.5,68.0,斤,2023-09-14
肉禽蛋,牛肉类,牛鞭,65.0,66.5,68.0,斤,2023-09-13
肉禽蛋,牛肉类,牛鞭,65.0,66.5,68.0,斤,2023-09-12
肉禽蛋,牛肉类,牛鞭,65.0,66.5,68.0,斤,2023-09-11
肉禽蛋,牛肉类,牛鞭,65.0,66.5,68.0,斤,2023-09-10
肉禽蛋,牛肉类,牛鞭,65.0,66.5,68.0,斤,2023-09-09
肉禽蛋,牛肉类,牛鞭,65.0,66.5,68.0,斤,2023-09-08
肉禽蛋,牛肉类,牛鞭,65.0,66.5,68.0,斤,2023-09-07
肉禽蛋,牛肉类,牛鞭,65.0,66.5,68.0,斤,2023-09-06
肉禽蛋,牛肉类,牛鞭,65.0,66.5,68.0,斤,2023-09-05
肉禽蛋,牛肉类,牛鞭,65.0,66.5,68.0,斤,2023-09-04
肉禽蛋,牛肉类,牛鞭,65.0,66.5,68.0,斤,2023-09-03
肉禽蛋,牛肉类,牛鞭,65.0,66.5,68.0,斤,2023-09-02
肉禽蛋,牛肉类,牛鞭,65.0,66.5,68.0,斤,2023-09-01
肉禽蛋,牛肉类,牛鞭,65.0,66.5,68.0,斤,2023-08-31
肉禽蛋,牛肉类,牛鞭,65.0,66.5,68.0,斤,2023-08-30
肉禽蛋,牛肉类,牛鞭,65.0,66.5,68.0,斤,2023-08-29
肉禽蛋,牛肉类,牛鞭,65.0,66.5,68.0,斤,2023-08-28
肉禽蛋,牛肉类,牛鞭,65.0,66.5,68.0,斤,2023-08-27
肉禽蛋,牛肉类,牛鞭,65.0,66.5,68.0,斤,2023-08-26
肉禽蛋,牛肉类,牛鞭,65.0,66.5,68.0,斤,2023-08-25
肉禽蛋,牛肉类,牛鞭,65.0,66.5,68.0,斤,2023-08-24
肉禽蛋,牛肉类,牛鞭,65.0,66.5,68.0,斤,2023-08-23
肉禽蛋,牛肉类,牛鞭,65.0,66.5,68.0,斤,2023-08-22
肉禽蛋,牛肉类,牛鞭,65.0,66.5,68.0,斤,2023-08-21
肉禽蛋,牛肉类,牛鞭,65.0,66.5,68.0,斤,2023-08-20
肉禽蛋,牛肉类,牛鞭,65.0,66.5,68.0,斤,2023-08-19
肉禽蛋,牛肉类,牛鞭,65.0,66.5,68.0,斤,2023-08-18
肉禽蛋,牛肉类,牛鞭,65.0,66.5,68.0,斤,2023-08-17
肉禽蛋,牛肉类,牛鞭,65.0,66.5,68.0,斤,2023-08-16
肉禽蛋,牛肉类,牛鞭,65.0,66.5,68.0,斤,2023-08-15
肉禽蛋,牛肉类,牛鞭,65.0,66.5,68.0,斤,2023-08-14
肉禽蛋,牛肉类,牛鞭,65.0,66.5,68.0,斤,2023-08-13
肉禽蛋,牛肉类,牛鞭,65.0,66.5,68.0,斤,2023-08-12
肉禽蛋,牛肉类,牛鞭,65.0,66.5,68.0,斤,2023-08-11
肉禽蛋,牛肉类,牛鞭,65.0,66.5,68.0,斤,2023-08-10
肉禽蛋,牛肉类,牛鞭,65.0,66.5,68.0,斤,2023-08-09
肉禽蛋,牛肉类,牛鞭,65.0,66.5,68.0,斤,2023-08-08
肉禽蛋,牛肉类,牛鞭,65.0,66.5,68.0,斤,2023-08-07
肉禽蛋,牛肉类,牛鞭,65.0,66.5,68.0,斤,2023-08-06
肉禽蛋,牛肉类,牛鞭,65.0,66.5,68.0,斤,2023-08-05
肉禽蛋,牛肉类,牛鞭,65.0,66.5,68.0,斤,2023-08-04
肉禽蛋,牛肉类,牛鞭,65.0,66.5,68.0,斤,2023-08-03
肉禽蛋,牛肉类,牛鞭,65.0,66.5,68.0,斤,2023-08-02
肉禽蛋,牛肉类,牛鞭,65.0,66.5,68.0,斤,2023-08-01
肉禽蛋,牛肉类,牛鞭,65.0,66.5,68.0,斤,2023-07-31
肉禽蛋,牛肉类,牛鞭,65.0,66.5,68.0,斤,2023-07-30
肉禽蛋,牛肉类,牛鞭,65.0,66.5,68.0,斤,2023-07-29
肉禽蛋,牛肉类,牛鞭,65.0,66.5,68.0,斤,2023-07-28
肉禽蛋,牛肉类,牛鞭,65.0,66.5,68.0,斤,2023-07-27
肉禽蛋,牛肉类,牛鞭,65.0,66.5,68.0,斤,2023-07-26
肉禽蛋,牛肉类,牛鞭,65.0,66.5,68.0,斤,2023-07-25
肉禽蛋,牛肉类,牛鞭,65.0,66.5,68.0,斤,2023-07-24
肉禽蛋,牛肉类,牛鞭,65.0,66.5,68.0,斤,2023-07-23
肉禽蛋,牛肉类,牛鞭,65.0,66.5,68.0,斤,2023-07-22
肉禽蛋,牛肉类,牛鞭,65.0,66.5,68.0,斤,2023-07-21
肉禽蛋,牛肉类,牛鞭,65.0,66.5,68.0,斤,2023-07-20
肉禽蛋,牛肉类,牛鞭,65.0,66.5,68.0,斤,2023-07-19
肉禽蛋,牛肉类,牛鞭,65.0,66.5,68.0,斤,2023-07-18
肉禽蛋,牛肉类,牛鞭,65.0,66.5,68.0,斤,2023-07-17
肉禽蛋,牛肉类,牛鞭,65.0,66.5,68.0,斤,2023-07-16
肉禽蛋,牛肉类,牛鞭,65.0,66.5,68.0,斤,2023-07-15
肉禽蛋,牛肉类,牛鞭,65.0,66.5,68.0,斤,2023-07-14
肉禽蛋,牛肉类,牛鞭,65.0,66.5,68.0,斤,2023-07-13
肉禽蛋,牛肉类,牛鞭,65.0,66.5,68.0,斤,2023-07-12
肉禽蛋,牛肉类,牛鞭,65.0,66.5,68.0,斤,2023-07-11
肉禽蛋,牛肉类,牛鞭,65.0,66.5,68.0,斤,2023-07-10
肉禽蛋,牛肉类,牛鞭,65.0,66.5,68.0,斤,2023-07-09
肉禽蛋,牛肉类,牛鞭,65.0,66.5,68.0,斤,2023-07-08
肉禽蛋,牛肉类,牛鞭,65.0,66.5,68.0,斤,2023-07-07
肉禽蛋,牛肉类,牛鞭,65.0,66.5,68.0,斤,2023-07-06
肉禽蛋,牛肉类,牛鞭,65.0,66.5,68.0,斤,2023-07-05
肉禽蛋,牛肉类,牛鞭,65.0,66.5,68.0,斤,2023-07-04
肉禽蛋,牛肉类,牛鞭,65.0,66.5,68.0,斤,2023-07-03
肉禽蛋,牛肉类,牛鞭,65.0,66.5,68.0,斤,2023-07-02
肉禽蛋,牛肉类,牛鞭,65.0,66.5,68.0,斤,2023-07-01
肉禽蛋,牛肉类,牛鞭,65.0,66.5,68.0,斤,2023-06-30
肉禽蛋,牛肉类,牛鞭,65.0,66.5,68.0,斤,2023-06-29
肉禽蛋,牛肉类,牛鞭,65.0,66.5,68.0,斤,2023-06-28
肉禽蛋,牛肉类,牛鞭,65.0,67.5,70.0,斤,2023-06-27
肉禽蛋,牛肉类,牛鞭,65.0,67.5,70.0,斤,2023-06-26
肉禽蛋,牛肉类,牛鞭,65.0,67.5,70.0,斤,2023-06-25
肉禽蛋,牛肉类,牛鞭,65.0,67.5,70.0,斤,2023-06-24
肉禽蛋,牛肉类,牛鞭,65.0,67.5,70.0,斤,2023-06-23
肉禽蛋,牛肉类,牛鞭,65.0,67.5,70.0,斤,2023-06-22
肉禽蛋,牛肉类,牛鞭,65.0,67.5,70.0,斤,2023-06-21
肉禽蛋,牛肉类,牛鞭,65.0,67.5,70.0,斤,2023-06-20
肉禽蛋,牛肉类,牛鞭,65.0,67.5,70.0,斤,2023-06-19
肉禽蛋,牛肉类,牛鞭,65.0,67.5,70.0,斤,2023-06-18
肉禽蛋,牛肉类,牛鞭,65.0,67.5,70.0,斤,2023-06-17
肉禽蛋,牛肉类,牛鞭,65.0,67.5,70.0,斤,2023-06-16
肉禽蛋,牛肉类,牛鞭,65.0,67.5,70.0,斤,2023-06-15
肉禽蛋,牛肉类,牛鞭,65.0,67.5,70.0,斤,2023-06-14
肉禽蛋,牛肉类,牛鞭,65.0,67.5,70.0,斤,2023-06-13
肉禽蛋,牛肉类,牛鞭,65.0,67.5,70.0,斤,2023-06-12
肉禽蛋,牛肉类,牛鞭,65.0,67.5,70.0,斤,2023-06-11
肉禽蛋,牛肉类,牛鞭,65.0,67.5,70.0,斤,2023-06-10
肉禽蛋,牛肉类,牛鞭,65.0,67.5,70.0,斤,2023-06-09
肉禽蛋,牛肉类,牛鞭,65.0,67.5,70.0,斤,2023-06-08
肉禽蛋,牛肉类,牛鞭,65.0,67.5,70.0,斤,2023-06-07
肉禽蛋,牛肉类,牛鞭,65.0,67.5,70.0,斤,2023-06-06
肉禽蛋,牛肉类,牛鞭,65.0,67.5,70.0,斤,2023-06-05
肉禽蛋,牛肉类,牛鞭,65.0,67.5,70.0,斤,2023-06-04
肉禽蛋,牛肉类,牛鞭,65.0,67.5,70.0,斤,2023-06-03
肉禽蛋,牛肉类,牛鞭,65.0,67.5,70.0,斤,2023-06-02
肉禽蛋,牛肉类,牛鞭,65.0,67.5,70.0,斤,2023-06-01
肉禽蛋,牛肉类,牛鞭,65.0,67.5,70.0,斤,2023-05-31
肉禽蛋,牛肉类,牛鞭,65.0,67.5,70.0,斤,2023-05-30
肉禽蛋,牛肉类,牛鞭,65.0,67.5,70.0,斤,2023-05-29
肉禽蛋,牛肉类,牛鞭,65.0,67.5,70.0,斤,2023-05-28
肉禽蛋,牛肉类,牛鞭,65.0,67.5,70.0,斤,2023-05-27
肉禽蛋,牛肉类,牛鞭,65.0,67.5,70.0,斤,2023-05-26
肉禽蛋,牛肉类,牛鞭,65.0,67.5,70.0,斤,2023-05-25
肉禽蛋,牛肉类,牛鞭,65.0,67.5,70.0,斤,2023-05-24
肉禽蛋,牛肉类,牛鞭,65.0,67.5,70.0,斤,2023-05-23
肉禽蛋,牛肉类,牛鞭,65.0,67.5,70.0,斤,2023-05-22
肉禽蛋,牛肉类,牛鞭,65.0,67.5,70.0,斤,2023-05-21
肉禽蛋,牛肉类,牛鞭,65.0,67.5,70.0,斤,2023-05-21
肉禽蛋,牛肉类,牛鞭,60.0,65.0,70.0,斤,2023-05-20
肉禽蛋,牛肉类,牛鞭,60.0,65.0,70.0,斤,2023-05-19
肉禽蛋,牛肉类,牛鞭,65.0,67.5,70.0,斤,2023-05-18
肉禽蛋,牛肉类,牛鞭,60.0,65.0,70.0,斤,2023-05-17
肉禽蛋,牛肉类,牛鞭,60.0,65.0,70.0,斤,2023-05-16
肉禽蛋,牛肉类,牛鞭,60.0,65.0,70.0,斤,2023-05-15
肉禽蛋,牛肉类,牛鞭,60.0,65.0,70.0,斤,2023-05-14
肉禽蛋,牛肉类,牛鞭,60.0,65.0,70.0,斤,2023-05-13
肉禽蛋,牛肉类,牛鞭,60.0,65.0,70.0,斤,2023-05-12
肉禽蛋,牛肉类,牛鞭,60.0,65.0,70.0,斤,2023-05-11
肉禽蛋,牛肉类,牛鞭,60.0,65.0,70.0,斤,2023-05-10
肉禽蛋,牛肉类,牛鞭,60.0,65.0,70.0,斤,2023-05-09
肉禽蛋,牛肉类,牛鞭,60.0,65.0,70.0,斤,2023-05-08
肉禽蛋,牛肉类,牛鞭,60.0,65.0,70.0,斤,2023-05-07
肉禽蛋,牛肉类,牛鞭,60.0,65.0,70.0,斤,2023-05-06
肉禽蛋,牛肉类,牛鞭,60.0,65.0,70.0,斤,2023-05-05
肉禽蛋,牛肉类,牛鞭,60.0,65.0,70.0,斤,2023-05-04
肉禽蛋,牛肉类,牛鞭,60.0,65.0,70.0,斤,2023-05-03
肉禽蛋,牛肉类,牛鞭,60.0,65.0,70.0,斤,2023-05-02
肉禽蛋,牛肉类,牛鞭,60.0,65.0,70.0,斤,2023-05-01
肉禽蛋,牛肉类,牛鞭,60.0,65.0,70.0,斤,2023-04-30
肉禽蛋,牛肉类,牛鞭,60.0,65.0,70.0,斤,2023-04-29
肉禽蛋,牛肉类,牛鞭,60.0,65.0,70.0,斤,2023-04-28
肉禽蛋,牛肉类,牛鞭,60.0,65.0,70.0,斤,2023-04-27
肉禽蛋,牛肉类,牛鞭,60.0,65.0,70.0,斤,2023-04-26
肉禽蛋,牛肉类,牛鞭,60.0,65.0,70.0,斤,2023-04-25
肉禽蛋,牛肉类,牛鞭,60.0,65.0,70.0,斤,2023-04-24
肉禽蛋,牛肉类,牛鞭,60.0,65.0,70.0,斤,2023-04-23
肉禽蛋,牛肉类,牛鞭,60.0,65.0,70.0,斤,2023-04-22
肉禽蛋,牛肉类,牛鞭,60.0,65.0,70.0,斤,2023-04-21
肉禽蛋,牛肉类,牛鞭,60.0,65.0,70.0,斤,2023-04-20
肉禽蛋,牛肉类,牛鞭,60.0,65.0,70.0,斤,2023-04-19
肉禽蛋,牛肉类,牛鞭,60.0,65.0,70.0,斤,2023-04-18
肉禽蛋,牛肉类,牛鞭,60.0,65.0,70.0,斤,2023-04-17
肉禽蛋,牛肉类,牛鞭,60.0,65.0,70.0,斤,2023-04-16
肉禽蛋,牛肉类,牛鞭,60.0,65.0,70.0,斤,2023-04-15
肉禽蛋,牛肉类,牛鞭,60.0,65.0,70.0,斤,2023-04-14
肉禽蛋,牛肉类,牛鞭,60.0,65.0,70.0,斤,2023-04-13
肉禽蛋,牛肉类,牛鞭,60.0,65.0,70.0,斤,2023-04-12
肉禽蛋,牛肉类,牛鞭,65.0,67.5,70.0,斤,2023-04-11
肉禽蛋,牛肉类,牛鞭,68.0,69.0,70.0,斤,2023-04-10
肉禽蛋,牛肉类,牛鞭,68.0,69.0,70.0,斤,2023-04-09
肉禽蛋,牛肉类,牛鞭,68.0,69.0,70.0,斤,2023-04-08
肉禽蛋,牛肉类,牛鞭,68.0,69.0,70.0,斤,2023-04-07
肉禽蛋,牛肉类,牛鞭,68.0,69.0,70.0,斤,2023-04-06
肉禽蛋,牛肉类,牛鞭,68.0,69.0,70.0,斤,2023-04-05
肉禽蛋,牛肉类,牛鞭,68.0,69.0,70.0,斤,2023-04-04
肉禽蛋,牛肉类,牛鞭,68.0,69.0,70.0,斤,2023-04-03
肉禽蛋,牛肉类,牛鞭,68.0,69.0,70.0,斤,2023-04-02
肉禽蛋,牛肉类,牛鞭,70.0,70.0,70.0,斤,2023-04-01
肉禽蛋,牛肉类,牛鞭,70.0,70.0,70.0,斤,2023-03-31
肉禽蛋,牛肉类,牛鞭,70.0,70.0,70.0,斤,2023-03-30
肉禽蛋,牛肉类,牛鞭,70.0,70.0,70.0,斤,2023-03-29
肉禽蛋,牛肉类,牛鞭,70.0,70.0,70.0,斤,2023-03-28
肉禽蛋,牛肉类,牛鞭,70.0,70.0,70.0,斤,2023-03-27
肉禽蛋,牛肉类,牛鞭,70.0,70.0,70.0,斤,2023-03-26
肉禽蛋,牛肉类,牛鞭,70.0,70.0,70.0,斤,2023-03-25
肉禽蛋,牛肉类,牛鞭,70.0,70.0,70.0,斤,2023-03-24
肉禽蛋,牛肉类,牛鞭,70.0,70.0,70.0,斤,2023-03-23
肉禽蛋,牛肉类,牛鞭,70.0,70.0,70.0,斤,2023-03-22
肉禽蛋,牛肉类,牛鞭,70.0,70.0,70.0,斤,2023-03-21
肉禽蛋,牛肉类,牛鞭,70.0,70.0,70.0,斤,2023-03-20
肉禽蛋,牛肉类,牛鞭,70.0,70.0,70.0,斤,2023-03-19
肉禽蛋,牛肉类,牛鞭,70.0,70.0,70.0,斤,2023-03-18
肉禽蛋,牛肉类,牛鞭,70.0,70.0,70.0,斤,2023-03-17
肉禽蛋,牛肉类,牛鞭,70.0,70.0,70.0,斤,2023-03-16
肉禽蛋,牛肉类,牛鞭,70.0,70.0,70.0,斤,2023-03-15
肉禽蛋,牛肉类,牛鞭,70.0,70.0,70.0,斤,2023-03-14
肉禽蛋,牛肉类,牛鞭,70.0,70.0,70.0,斤,2023-03-13
肉禽蛋,牛肉类,牛鞭,65.0,65.0,65.0,斤,2023-03-12
肉禽蛋,牛肉类,牛鞭,65.0,65.0,65.0,斤,2023-03-11
肉禽蛋,牛肉类,牛鞭,65.0,65.0,65.0,斤,2023-03-10
肉禽蛋,牛肉类,牛鞭,65.0,65.0,65.0,斤,2023-03-09
肉禽蛋,牛肉类,牛鞭,65.0,65.0,65.0,斤,2023-03-08
肉禽蛋,牛肉类,牛鞭,65.0,65.0,65.0,斤,2023-03-07
肉禽蛋,牛肉类,牛鞭,65.0,65.0,65.0,斤,2023-03-06
肉禽蛋,牛肉类,牛鞭,65.0,65.0,65.0,斤,2023-03-05
肉禽蛋,牛肉类,牛鞭,65.0,65.0,65.0,斤,2023-03-04
肉禽蛋,牛肉类,牛鞭,65.0,65.0,65.0,斤,2023-03-03
肉禽蛋,牛肉类,牛鞭,65.0,65.0,65.0,斤,2023-03-02
肉禽蛋,牛肉类,牛鞭,65.0,65.0,65.0,斤,2023-03-01
肉禽蛋,牛肉类,牛鞭,65.0,65.0,65.0,斤,2023-02-28
肉禽蛋,牛肉类,牛鞭,65.0,65.0,65.0,斤,2023-02-27
肉禽蛋,牛肉类,牛鞭,60.0,60.0,60.0,斤,2023-02-26
肉禽蛋,牛肉类,牛鞭,60.0,60.0,60.0,斤,2023-02-25
肉禽蛋,牛肉类,牛鞭,60.0,60.0,60.0,斤,2023-02-24
肉禽蛋,牛肉类,牛鞭,60.0,60.0,60.0,斤,2023-02-23
肉禽蛋,牛肉类,牛鞭,60.0,60.0,60.0,斤,2023-02-22
肉禽蛋,牛肉类,牛鞭,60.0,60.0,60.0,斤,2023-02-21
肉禽蛋,牛肉类,牛鞭,60.0,60.0,60.0,斤,2023-02-20
肉禽蛋,牛肉类,牛鞭,60.0,60.0,60.0,斤,2023-02-19
肉禽蛋,牛肉类,牛鞭,60.0,60.0,60.0,斤,2023-02-18
肉禽蛋,牛肉类,牛鞭,60.0,60.0,60.0,斤,2023-02-17
肉禽蛋,牛肉类,牛鞭,60.0,60.0,60.0,斤,2023-02-16
肉禽蛋,牛肉类,牛鞭,60.0,60.0,60.0,斤,2023-02-15
肉禽蛋,牛肉类,牛鞭,60.0,60.0,60.0,斤,2023-02-14
肉禽蛋,牛肉类,牛鞭,60.0,60.0,60.0,斤,2023-02-13
肉禽蛋,牛肉类,牛鞭,60.0,60.0,60.0,斤,2023-02-12
肉禽蛋,牛肉类,牛鞭,60.0,60.0,60.0,斤,2023-02-11
肉禽蛋,牛肉类,牛鞭,60.0,62.5,65.0,斤,2023-02-10
肉禽蛋,牛肉类,牛鞭,60.0,62.5,65.0,斤,2023-02-09
肉禽蛋,牛肉类,牛鞭,60.0,62.5,65.0,斤,2023-02-08
肉禽蛋,牛肉类,牛鞭,60.0,62.5,65.0,斤,2023-02-07
肉禽蛋,牛肉类,牛鞭,60.0,62.5,65.0,斤,2023-02-06
肉禽蛋,牛肉类,牛鞭,60.0,62.5,65.0,斤,2023-02-05
肉禽蛋,牛肉类,牛鞭,60.0,62.5,65.0,斤,2023-02-04
肉禽蛋,牛肉类,牛鞭,60.0,62.5,65.0,斤,2023-02-03
肉禽蛋,牛肉类,牛鞭,60.0,62.5,65.0,斤,2023-02-02
肉禽蛋,牛肉类,牛鞭,60.0,62.5,65.0,斤,2023-02-01
肉禽蛋,牛肉类,牛鞭,60.0,62.5,65.0,斤,2023-01-31
肉禽蛋,牛肉类,牛鞭,60.0,62.5,65.0,斤,2023-01-30
肉禽蛋,牛肉类,牛鞭,60.0,62.5,65.0,斤,2023-01-29
肉禽蛋,牛肉类,牛鞭,60.0,62.5,65.0,斤,2023-01-28
肉禽蛋,牛肉类,牛鞭,60.0,62.5,65.0,斤,2023-01-20
肉禽蛋,牛肉类,牛鞭,60.0,60.0,60.0,斤,2023-01-19
肉禽蛋,牛肉类,牛鞭,60.0,60.0,60.0,斤,2023-01-18
肉禽蛋,牛肉类,牛鞭,60.0,60.0,60.0,斤,2023-01-17
肉禽蛋,牛肉类,牛鞭,60.0,60.0,60.0,斤,2023-01-16
肉禽蛋,牛肉类,牛鞭,60.0,60.0,60.0,斤,2023-01-15
肉禽蛋,牛肉类,牛鞭,60.0,60.0,60.0,斤,2023-01-14
肉禽蛋,牛肉类,牛鞭,60.0,60.0,60.0,斤,2023-01-13
肉禽蛋,牛肉类,牛鞭,60.0,60.0,60.0,斤,2023-01-12
肉禽蛋,牛肉类,牛鞭,60.0,60.0,60.0,斤,2023-01-11
肉禽蛋,牛肉类,牛鞭,60.0,60.0,60.0,斤,2023-01-10
肉禽蛋,牛肉类,牛鞭,60.0,60.0,60.0,斤,2023-01-09
肉禽蛋,牛肉类,牛鞭,60.0,60.0,60.0,斤,2023-01-08
肉禽蛋,牛肉类,牛鞭,60.0,60.0,60.0,斤,2023-01-07
肉禽蛋,牛肉类,牛鞭,60.0,60.0,60.0,斤,2023-01-06
肉禽蛋,牛肉类,牛鞭,60.0,60.0,60.0,斤,2023-01-05
肉禽蛋,牛肉类,牛鞭,60.0,60.0,60.0,斤,2023-01-04
肉禽蛋,牛肉类,牛鞭,60.0,60.0,60.0,斤,2023-01-03
肉禽蛋,牛肉类,牛鞭,60.0,60.0,60.0,斤,2023-01-02
肉禽蛋,牛肉类,牛鞭,60.0,60.0,60.0,斤,2023-01-01
